2024,08,26,2024,8,27,
2024,8,28,
2024,8,29,
2024,8,30,
2024,8,31,
2024,9,1,
2024,9,2,
2024,9,3,
2024,8,24,
2024,8,25,
2024,8,26,
2024,8,27,
2024,8,28,
2024,8,29,
2024,8,30,
2024,8,31,
2024,9,1,
2024,8,24,
2024,8,24,
2024,8,24,
2024,8,24,
2024,8,25,
2024,8,24,
2024,8,25,
2024,8,24,
2024,8,25,
2024,8,24,
2024,8,25,
2024,8,26,
2024,8,24,
2024,8,24,
2024,8,25,
2024,8,26,
2024,8,24,
2024,8,25,
2024,8,26,
2024,8,24,
2024,8,25,
2024,8,26,
2024,8,27,
2024,8,28,
2024,8,29,
2024,8,30,
2024,8,31,
2024,9,1,
2024,9,2,
2024,9,3,
2024,9,4,
2024,9,5,
2024,9,6,
2024,9,7,
2024,9,8,
2024,9,9,
2024,9,10,
2024,8,24,
2024,8,25,
2024,8,26,
2024,8,27,
2024,8,24,
2024,8,25,
2024,8,26,
2024,8,27,
