1,20,2024-08-24,SCHEDULED,1,0,0,
2,19,2024-08-24,SCHEDULED,1,0,0,
3,18,2024-08-25,SCHEDULED,1,0,0,
4,17,2024-08-26,SCHEDULED,1,0,0,
5,16,2024-08-23,SCHEDULED,1,0,0,
6,15,2024-08-24,SCHEDULED,1,0,0,
7,14,2024-08-25,SCHEDULED,1,0,0,
8,13,2024-08-26,SCHEDULED,1,0,0,
9,12,2024-08-23,SCHEDULED,1,0,0,
10,11,2024-08-24,SCHEDULED,1,0,0,
19,1,2024-08-30,SCHEDULED,1,0,0,
18,20,2024-08-31,SCHEDULED,1,0,0,
17,2,2024-09-01,SCHEDULED,1,0,0,
16,3,2024-09-02,SCHEDULED,1,0,0,
15,4,2024-08-30,SCHEDULED,1,0,0,
14,5,2024-08-31,SCHEDULED,1,0,0,
13,6,2024-09-01,SCHEDULED,1,0,0,
12,7,2024-09-02,SCHEDULED,1,0,0,
11,8,2024-08-30,SCHEDULED,1,0,0,
10,9,2024-08-31,SCHEDULED,1,0,0,
1,18,2024-09-07,SCHEDULED,1,0,0,
19,17,2024-09-07,SCHEDULED,1,0,0,
20,16,2024-09-08,SCHEDULED,1,0,0,
2,15,2024-09-09,SCHEDULED,1,0,0,
3,14,2024-09-06,SCHEDULED,1,0,0,
4,13,2024-09-07,SCHEDULED,1,0,0,
5,12,2024-09-08,SCHEDULED,1,0,0,
6,11,2024-09-09,SCHEDULED,1,0,0,
7,10,2024-09-06,SCHEDULED,1,0,0,
8,9,2024-09-07,SCHEDULED,1,0,0,
17,1,2024-09-13,SCHEDULED,1,0,0,
16,18,2024-09-14,SCHEDULED,1,0,0,
15,19,2024-09-15,SCHEDULED,1,0,0,
14,20,2024-09-16,SCHEDULED,1,0,0,
13,2,2024-09-13,SCHEDULED,1,0,0,
12,3,2024-09-14,SCHEDULED,1,0,0,
11,4,2024-09-15,SCHEDULED,1,0,0,
10,5,2024-09-16,SCHEDULED,1,0,0,
9,6,2024-09-13,SCHEDULED,1,0,0,
8,7,2024-09-14,SCHEDULED,1,0,0,
1,16,2024-09-20,SCHEDULED,1,0,0,
17,15,2024-09-21,SCHEDULED,1,0,0,
18,14,2024-09-22,SCHEDULED,1,0,0,
19,13,2024-09-23,SCHEDULED,1,0,0,
20,12,2024-09-20,SCHEDULED,1,0,0,
2,11,2024-09-21,SCHEDULED,1,0,0,
3,10,2024-09-22,SCHEDULED,1,0,0,
4,9,2024-09-23,SCHEDULED,1,0,0,
5,8,2024-09-20,SCHEDULED,1,0,0,
6,7,2024-09-21,SCHEDULED,1,0,0,
15,1,2024-09-27,SCHEDULED,1,0,0,
14,16,2024-09-28,SCHEDULED,1,0,0,
13,17,2024-09-29,SCHEDULED,1,0,0,
12,18,2024-09-30,SCHEDULED,1,0,0,
11,19,2024-09-27,SCHEDULED,1,0,0,
10,20,2024-09-28,SCHEDULED,1,0,0,
9,2,2024-09-29,SCHEDULED,1,0,0,
8,3,2024-09-30,SCHEDULED,1,0,0,
7,4,2024-09-27,SCHEDULED,1,0,0,
6,5,2024-09-28,SCHEDULED,1,0,0,
1,14,2024-10-07,SCHEDULED,1,0,0,
15,13,2024-10-05,SCHEDULED,1,0,0,
16,12,2024-10-06,SCHEDULED,1,0,0,
17,11,2024-10-07,SCHEDULED,1,0,0,
18,10,2024-10-04,SCHEDULED,1,0,0,
19,9,2024-10-05,SCHEDULED,1,0,0,
20,8,2024-10-06,SCHEDULED,1,0,0,
2,7,2024-10-07,SCHEDULED,1,0,0,
3,6,2024-10-04,SCHEDULED,1,0,0,
4,5,2024-10-05,SCHEDULED,1,0,0,
13,1,2024-10-11,SCHEDULED,1,0,0,
12,14,2024-10-12,SCHEDULED,1,0,0,
11,15,2024-10-13,SCHEDULED,1,0,0,
10,16,2024-10-14,SCHEDULED,1,0,0,
9,17,2024-10-11,SCHEDULED,1,0,0,
8,18,2024-10-12,SCHEDULED,1,0,0,
7,19,2024-10-13,SCHEDULED,1,0,0,
6,20,2024-10-14,SCHEDULED,1,0,0,
5,2,2024-10-11,SCHEDULED,1,0,0,
4,3,2024-10-12,SCHEDULED,1,0,0,
1,12,2024-10-20,SCHEDULED,1,0,0,
13,11,2024-10-19,SCHEDULED,1,0,0,
14,10,2024-10-20,SCHEDULED,1,0,0,
15,9,2024-10-21,SCHEDULED,1,0,0,
16,8,2024-10-18,SCHEDULED,1,0,0,
17,7,2024-10-19,SCHEDULED,1,0,0,
18,6,2024-10-20,SCHEDULED,1,0,0,
19,5,2024-10-21,SCHEDULED,1,0,0,
20,4,2024-10-18,SCHEDULED,1,0,0,
2,3,2024-10-19,SCHEDULED,1,0,0,
11,1,2024-10-25,SCHEDULED,1,0,0,
10,12,2024-10-26,SCHEDULED,1,0,0,
9,13,2024-10-27,SCHEDULED,1,0,0,
8,14,2024-10-28,SCHEDULED,1,0,0,
7,15,2024-10-25,SCHEDULED,1,0,0,
6,16,2024-10-26,SCHEDULED,1,0,0,
5,17,2024-10-27,SCHEDULED,1,0,0,
4,18,2024-10-28,SCHEDULED,1,0,0,
3,19,2024-10-25,SCHEDULED,1,0,0,
2,20,2024-10-26,SCHEDULED,1,0,0,
1,10,2024-11-04,SCHEDULED,1,0,0,
11,9,2024-11-02,SCHEDULED,1,0,0,
12,8,2024-11-03,SCHEDULED,1,0,0,
13,7,2024-11-04,SCHEDULED,1,0,0,
14,6,2024-11-01,SCHEDULED,1,0,0,
15,5,2024-11-02,SCHEDULED,1,0,0,
16,4,2024-11-03,SCHEDULED,1,0,0,
17,3,2024-11-04,SCHEDULED,1,0,0,
18,2,2024-11-01,SCHEDULED,1,0,0,
19,20,2024-11-02,SCHEDULED,1,0,0,
9,1,2024-11-08,SCHEDULED,1,0,0,
8,10,2024-11-09,SCHEDULED,1,0,0,
7,11,2024-11-10,SCHEDULED,1,0,0,
6,12,2024-11-11,SCHEDULED,1,0,0,
5,13,2024-11-08,SCHEDULED,1,0,0,
4,14,2024-11-09,SCHEDULED,1,0,0,
3,15,2024-11-10,SCHEDULED,1,0,0,
2,16,2024-11-11,SCHEDULED,1,0,0,
20,17,2024-11-08,SCHEDULED,1,0,0,
19,18,2024-11-09,SCHEDULED,1,0,0,
1,8,2024-11-18,SCHEDULED,1,0,0,
9,7,2024-11-16,SCHEDULED,1,0,0,
10,6,2024-11-17,SCHEDULED,1,0,0,
11,5,2024-11-18,SCHEDULED,1,0,0,
12,4,2024-11-15,SCHEDULED,1,0,0,
13,3,2024-11-16,SCHEDULED,1,0,0,
14,2,2024-11-17,SCHEDULED,1,0,0,
15,20,2024-11-18,SCHEDULED,1,0,0,
16,19,2024-11-15,SCHEDULED,1,0,0,
17,18,2024-11-16,SCHEDULED,1,0,0,
7,1,2024-11-22,SCHEDULED,1,0,0,
6,8,2024-11-23,SCHEDULED,1,0,0,
5,9,2024-11-24,SCHEDULED,1,0,0,
4,10,2024-11-25,SCHEDULED,1,0,0,
3,11,2024-11-22,SCHEDULED,1,0,0,
2,12,2024-11-23,SCHEDULED,1,0,0,
20,13,2024-11-24,SCHEDULED,1,0,0,
19,14,2024-11-25,SCHEDULED,1,0,0,
18,15,2024-11-22,SCHEDULED,1,0,0,
17,16,2024-11-23,SCHEDULED,1,0,0,
1,6,2024-12-01,SCHEDULED,1,0,0,
7,5,2024-11-30,SCHEDULED,1,0,0,
8,4,2024-12-01,SCHEDULED,1,0,0,
9,3,2024-12-02,SCHEDULED,1,0,0,
10,2,2024-11-29,SCHEDULED,1,0,0,
11,20,2024-11-30,SCHEDULED,1,0,0,
12,19,2024-12-01,SCHEDULED,1,0,0,
13,18,2024-12-02,SCHEDULED,1,0,0,
14,17,2024-11-29,SCHEDULED,1,0,0,
15,16,2024-11-30,SCHEDULED,1,0,0,
5,1,2024-12-06,SCHEDULED,1,0,0,
4,6,2024-12-07,SCHEDULED,1,0,0,
3,7,2024-12-08,SCHEDULED,1,0,0,
2,8,2024-12-09,SCHEDULED,1,0,0,
20,9,2024-12-06,SCHEDULED,1,0,0,
19,10,2024-12-07,SCHEDULED,1,0,0,
18,11,2024-12-08,SCHEDULED,1,0,0,
17,12,2024-12-09,SCHEDULED,1,0,0,
16,13,2024-12-06,SCHEDULED,1,0,0,
15,14,2024-12-07,SCHEDULED,1,0,0,
1,4,2024-12-14,SCHEDULED,1,0,0,
5,3,2024-12-14,SCHEDULED,1,0,0,
6,2,2024-12-15,SCHEDULED,1,0,0,
7,20,2024-12-16,SCHEDULED,1,0,0,
8,19,2024-12-13,SCHEDULED,1,0,0,
9,18,2024-12-14,SCHEDULED,1,0,0,
10,17,2024-12-15,SCHEDULED,1,0,0,
11,16,2024-12-16,SCHEDULED,1,0,0,
12,15,2024-12-13,SCHEDULED,1,0,0,
13,14,2024-12-14,SCHEDULED,1,0,0,
3,1,2024-12-20,SCHEDULED,1,0,0,
2,4,2024-12-21,SCHEDULED,1,0,0,
20,5,2024-12-22,SCHEDULED,1,0,0,
19,6,2024-12-23,SCHEDULED,1,0,0,
18,7,2024-12-20,SCHEDULED,1,0,0,
17,8,2024-12-21,SCHEDULED,1,0,0,
16,9,2024-12-22,SCHEDULED,1,0,0,
15,10,2024-12-23,SCHEDULED,1,0,0,
14,11,2024-12-20,SCHEDULED,1,0,0,
13,12,2024-12-21,SCHEDULED,1,0,0,
1,2,2024-12-29,SCHEDULED,1,0,0,
3,20,2024-12-28,SCHEDULED,1,0,0,
4,19,2024-12-29,SCHEDULED,1,0,0,
5,18,2024-12-30,SCHEDULED,1,0,0,
6,17,2024-12-27,SCHEDULED,1,0,0,
7,16,2024-12-28,SCHEDULED,1,0,0,
8,15,2024-12-29,SCHEDULED,1,0,0,
9,14,2024-12-30,SCHEDULED,1,0,0,
10,13,2024-12-27,SCHEDULED,1,0,0,
11,12,2024-12-28,SCHEDULED,1,0,0,
20,1,2025-01-03,SCHEDULED,1,0,0,
19,2,2025-01-04,SCHEDULED,1,0,0,
18,3,2025-01-05,SCHEDULED,1,0,0,
17,4,2025-01-06,SCHEDULED,1,0,0,
16,5,2025-01-03,SCHEDULED,1,0,0,
15,6,2025-01-04,SCHEDULED,1,0,0,
14,7,2025-01-05,SCHEDULED,1,0,0,
13,8,2025-01-06,SCHEDULED,1,0,0,
12,9,2025-01-03,SCHEDULED,1,0,0,
11,10,2025-01-04,SCHEDULED,1,0,0,
1,19,2025-01-10,SCHEDULED,1,0,0,
20,18,2025-01-11,SCHEDULED,1,0,0,
2,17,2025-01-12,SCHEDULED,1,0,0,
3,16,2025-01-13,SCHEDULED,1,0,0,
4,15,2025-01-10,SCHEDULED,1,0,0,
5,14,2025-01-11,SCHEDULED,1,0,0,
6,13,2025-01-12,SCHEDULED,1,0,0,
7,12,2025-01-13,SCHEDULED,1,0,0,
8,11,2025-01-10,SCHEDULED,1,0,0,
9,10,2025-01-11,SCHEDULED,1,0,0,
18,1,2025-01-17,SCHEDULED,1,0,0,
17,19,2025-01-18,SCHEDULED,1,0,0,
16,20,2025-01-19,SCHEDULED,1,0,0,
15,2,2025-01-20,SCHEDULED,1,0,0,
14,3,2025-01-17,SCHEDULED,1,0,0,
13,4,2025-01-18,SCHEDULED,1,0,0,
12,5,2025-01-19,SCHEDULED,1,0,0,
11,6,2025-01-20,SCHEDULED,1,0,0,
10,7,2025-01-17,SCHEDULED,1,0,0,
9,8,2025-01-18,SCHEDULED,1,0,0,
1,17,2025-01-26,SCHEDULED,1,0,0,
18,16,2025-01-25,SCHEDULED,1,0,0,
19,15,2025-01-26,SCHEDULED,1,0,0,
20,14,2025-01-27,SCHEDULED,1,0,0,
2,13,2025-01-24,SCHEDULED,1,0,0,
3,12,2025-01-25,SCHEDULED,1,0,0,
4,11,2025-01-26,SCHEDULED,1,0,0,
5,10,2025-01-27,SCHEDULED,1,0,0,
6,9,2025-01-24,SCHEDULED,1,0,0,
7,8,2025-01-25,SCHEDULED,1,0,0,
16,1,2025-01-31,SCHEDULED,1,0,0,
15,17,2025-02-01,SCHEDULED,1,0,0,
14,18,2025-02-02,SCHEDULED,1,0,0,
13,19,2025-02-03,SCHEDULED,1,0,0,
12,20,2025-01-31,SCHEDULED,1,0,0,
11,2,2025-02-01,SCHEDULED,1,0,0,
10,3,2025-02-02,SCHEDULED,1,0,0,
9,4,2025-02-03,SCHEDULED,1,0,0,
8,5,2025-01-31,SCHEDULED,1,0,0,
7,6,2025-02-01,SCHEDULED,1,0,0,
1,15,2025-02-10,SCHEDULED,1,0,0,
16,14,2025-02-08,SCHEDULED,1,0,0,
17,13,2025-02-09,SCHEDULED,1,0,0,
18,12,2025-02-10,SCHEDULED,1,0,0,
19,11,2025-02-07,SCHEDULED,1,0,0,
20,10,2025-02-08,SCHEDULED,1,0,0,
2,9,2025-02-09,SCHEDULED,1,0,0,
3,8,2025-02-10,SCHEDULED,1,0,0,
4,7,2025-02-07,SCHEDULED,1,0,0,
5,6,2025-02-08,SCHEDULED,1,0,0,
14,1,2025-02-14,SCHEDULED,1,0,0,
13,15,2025-02-15,SCHEDULED,1,0,0,
12,16,2025-02-16,SCHEDULED,1,0,0,
11,17,2025-02-17,SCHEDULED,1,0,0,
10,18,2025-02-14,SCHEDULED,1,0,0,
9,19,2025-02-15,SCHEDULED,1,0,0,
8,20,2025-02-16,SCHEDULED,1,0,0,
7,2,2025-02-17,SCHEDULED,1,0,0,
6,3,2025-02-14,SCHEDULED,1,0,0,
5,4,2025-02-15,SCHEDULED,1,0,0,
1,13,2025-02-23,SCHEDULED,1,0,0,
14,12,2025-02-22,SCHEDULED,1,0,0,
15,11,2025-02-23,SCHEDULED,1,0,0,
16,10,2025-02-24,SCHEDULED,1,0,0,
17,9,2025-02-21,SCHEDULED,1,0,0,
18,8,2025-02-22,SCHEDULED,1,0,0,
19,7,2025-02-23,SCHEDULED,1,0,0,
20,6,2025-02-24,SCHEDULED,1,0,0,
2,5,2025-02-21,SCHEDULED,1,0,0,
3,4,2025-02-22,SCHEDULED,1,0,0,
12,1,2025-02-28,SCHEDULED,1,0,0,
11,13,2025-03-01,SCHEDULED,1,0,0,
10,14,2025-03-02,SCHEDULED,1,0,0,
9,15,2025-03-03,SCHEDULED,1,0,0,
8,16,2025-02-28,SCHEDULED,1,0,0,
7,17,2025-03-01,SCHEDULED,1,0,0,
6,18,2025-03-02,SCHEDULED,1,0,0,
5,19,2025-03-03,SCHEDULED,1,0,0,
4,20,2025-02-28,SCHEDULED,1,0,0,
3,2,2025-03-01,SCHEDULED,1,0,0,
1,11,2025-03-10,SCHEDULED,1,0,0,
12,10,2025-03-08,SCHEDULED,1,0,0,
13,9,2025-03-09,SCHEDULED,1,0,0,
14,8,2025-03-10,SCHEDULED,1,0,0,
15,7,2025-03-07,SCHEDULED,1,0,0,
16,6,2025-03-08,SCHEDULED,1,0,0,
17,5,2025-03-09,SCHEDULED,1,0,0,
18,4,2025-03-10,SCHEDULED,1,0,0,
19,3,2025-03-07,SCHEDULED,1,0,0,
20,2,2025-03-08,SCHEDULED,1,0,0,
10,1,2025-03-14,SCHEDULED,1,0,0,
9,11,2025-03-15,SCHEDULED,1,0,0,
8,12,2025-03-16,SCHEDULED,1,0,0,
7,13,2025-03-17,SCHEDULED,1,0,0,
6,14,2025-03-14,SCHEDULED,1,0,0,
5,15,2025-03-15,SCHEDULED,1,0,0,
4,16,2025-03-16,SCHEDULED,1,0,0,
3,17,2025-03-17,SCHEDULED,1,0,0,
2,18,2025-03-14,SCHEDULED,1,0,0,
20,19,2025-03-15,SCHEDULED,1,0,0,
1,9,2025-03-24,SCHEDULED,1,0,0,
10,8,2025-03-22,SCHEDULED,1,0,0,
11,7,2025-03-23,SCHEDULED,1,0,0,
12,6,2025-03-24,SCHEDULED,1,0,0,
13,5,2025-03-21,SCHEDULED,1,0,0,
14,4,2025-03-22,SCHEDULED,1,0,0,
15,3,2025-03-23,SCHEDULED,1,0,0,
16,2,2025-03-24,SCHEDULED,1,0,0,
17,20,2025-03-21,SCHEDULED,1,0,0,
18,19,2025-03-22,SCHEDULED,1,0,0,
8,1,2025-03-28,SCHEDULED,1,0,0,
7,9,2025-03-29,SCHEDULED,1,0,0,
6,10,2025-03-30,SCHEDULED,1,0,0,
5,11,2025-03-31,SCHEDULED,1,0,0,
4,12,2025-03-28,SCHEDULED,1,0,0,
3,13,2025-03-29,SCHEDULED,1,0,0,
2,14,2025-03-30,SCHEDULED,1,0,0,
20,15,2025-03-31,SCHEDULED,1,0,0,
19,16,2025-03-28,SCHEDULED,1,0,0,
18,17,2025-03-29,SCHEDULED,1,0,0,
1,7,2025-04-05,SCHEDULED,1,0,0,
8,6,2025-04-05,SCHEDULED,1,0,0,
9,5,2025-04-06,SCHEDULED,1,0,0,
10,4,2025-04-07,SCHEDULED,1,0,0,
11,3,2025-04-04,SCHEDULED,1,0,0,
12,2,2025-04-05,SCHEDULED,1,0,0,
13,20,2025-04-06,SCHEDULED,1,0,0,
14,19,2025-04-07,SCHEDULED,1,0,0,
15,18,2025-04-04,SCHEDULED,1,0,0,
16,17,2025-04-05,SCHEDULED,1,0,0,
6,1,2025-04-11,SCHEDULED,1,0,0,
5,7,2025-04-12,SCHEDULED,1,0,0,
4,8,2025-04-13,SCHEDULED,1,0,0,
3,9,2025-04-14,SCHEDULED,1,0,0,
2,10,2025-04-11,SCHEDULED,1,0,0,
20,11,2025-04-12,SCHEDULED,1,0,0,
19,12,2025-04-13,SCHEDULED,1,0,0,
18,13,2025-04-14,SCHEDULED,1,0,0,
17,14,2025-04-11,SCHEDULED,1,0,0,
16,15,2025-04-12,SCHEDULED,1,0,0,
1,5,2025-04-18,SCHEDULED,1,0,0,
6,4,2025-04-19,SCHEDULED,1,0,0,
7,3,2025-04-20,SCHEDULED,1,0,0,
8,2,2025-04-21,SCHEDULED,1,0,0,
9,20,2025-04-18,SCHEDULED,1,0,0,
10,19,2025-04-19,SCHEDULED,1,0,0,
11,18,2025-04-20,SCHEDULED,1,0,0,
12,17,2025-04-21,SCHEDULED,1,0,0,
13,16,2025-04-18,SCHEDULED,1,0,0,
14,15,2025-04-19,SCHEDULED,1,0,0,
4,1,2025-04-25,SCHEDULED,1,0,0,
3,5,2025-04-26,SCHEDULED,1,0,0,
2,6,2025-04-27,SCHEDULED,1,0,0,
20,7,2025-04-28,SCHEDULED,1,0,0,
19,8,2025-04-25,SCHEDULED,1,0,0,
18,9,2025-04-26,SCHEDULED,1,0,0,
17,10,2025-04-27,SCHEDULED,1,0,0,
16,11,2025-04-28,SCHEDULED,1,0,0,
15,12,2025-04-25,SCHEDULED,1,0,0,
14,13,2025-04-26,SCHEDULED,1,0,0,
1,3,2025-05-03,SCHEDULED,1,0,0,
4,2,2025-05-03,SCHEDULED,1,0,0,
5,20,2025-05-04,SCHEDULED,1,0,0,
6,19,2025-05-05,SCHEDULED,1,0,0,
7,18,2025-05-02,SCHEDULED,1,0,0,
8,17,2025-05-03,SCHEDULED,1,0,0,
9,16,2025-05-04,SCHEDULED,1,0,0,
10,15,2025-05-05,SCHEDULED,1,0,0,
11,14,2025-05-02,SCHEDULED,1,0,0,
12,13,2025-05-03,SCHEDULED,1,0,0,
2,1,2025-05-09,SCHEDULED,1,0,0,
20,3,2025-05-10,SCHEDULED,1,0,0,
19,4,2025-05-11,SCHEDULED,1,0,0,
18,5,2025-05-12,SCHEDULED,1,0,0,
17,6,2025-05-09,SCHEDULED,1,0,0,
16,7,2025-05-10,SCHEDULED,1,0,0,
15,8,2025-05-11,SCHEDULED,1,0,0,
14,9,2025-05-12,SCHEDULED,1,0,0,
13,10,2025-05-09,SCHEDULED,1,0,0,
12,11,2025-05-10,SCHEDULED,1,0,0,
