1,5,1,2,0,2,0,5,0,6,2024-09-02,
2,0,1,2,0,1,1,4,4,3,2024-09-02,
3,-4,1,2,0,0,2,2,6,0,2024-09-02,
4,1,1,2,0,1,1,4,3,3,2024-09-02,
5,1,1,2,0,1,1,3,2,3,2024-09-02,
6,-1,1,2,0,1,1,2,3,3,2024-09-02,
7,-1,1,2,1,0,1,2,3,1,2024-09-02,
8,-1,1,2,0,1,1,3,4,3,2024-09-02,
9,-2,1,2,0,0,2,4,6,0,2024-09-02,
10,-1,1,2,0,1,1,4,5,3,2024-09-02,
11,1,1,2,0,1,1,4,3,3,2024-09-02,
12,2,1,2,0,2,0,5,3,6,2024-09-02,
13,4,1,2,0,2,0,6,2,6,2024-09-02,
14,-3,1,2,1,0,1,1,4,1,2024-09-02,
15,-3,1,2,0,0,2,1,4,0,2024-09-02,
16,5,1,2,0,2,0,5,0,6,2024-09-02,
17,0,1,2,0,1,1,3,3,3,2024-09-02,
18,4,1,2,0,2,0,6,2,6,2024-09-02,
19,-1,1,2,0,1,1,3,4,3,2024-09-02,
20,-6,1,2,0,0,2,0,6,0,2024-09-02,
