1,0,0,0,0,0,0,0,0,0,2024-08-23,
2,0,0,0,0,0,0,0,0,0,2024-08-23,
3,0,0,0,0,0,0,0,0,0,2024-08-23,
4,0,0,0,0,0,0,0,0,0,2024-08-23,
5,0,0,0,0,0,0,0,0,0,2024-08-23,
6,0,0,0,0,0,0,0,0,0,2024-08-23,
7,0,0,0,0,0,0,0,0,0,2024-08-23,
8,0,0,0,0,0,0,0,0,0,2024-08-23,
9,0,0,0,0,0,0,0,0,0,2024-08-23,
10,0,0,0,0,0,0,0,0,0,2024-08-23,
11,0,0,0,0,0,0,0,0,0,2024-08-23,
12,0,0,0,0,0,0,0,0,0,2024-08-23,
13,0,0,0,0,0,0,0,0,0,2024-08-23,
14,0,0,0,0,0,0,0,0,0,2024-08-23,
15,0,0,0,0,0,0,0,0,0,2024-08-23,
16,0,0,0,0,0,0,0,0,0,2024-08-23,
17,0,0,0,0,0,0,0,0,0,2024-08-23,
18,0,0,0,0,0,0,0,0,0,2024-08-23,
19,0,0,0,0,0,0,0,0,0,2024-08-23,
20,0,0,0,0,0,0,0,0,0,2024-08-23,